194,12838,102136,603600_20180928064922626009
194,12838,102234,603600_20180928065434722650
194,12838,102113,603600_20180928065841014589
194,12838,102141,603600_20180928085829802403
194,12838,102221,603600_20180928094013350312
194,12838,102276,603600_20180929105055190244
194,12838,102099,603600_20180929115545395390
194,12838,102204,603600_20180930103503851132
194,12838,102211,603600_20181001120708293695
194,12838,102287,603600_20181001070524726834
194,12838,102295,603600_20181001112014090360
194,12838,102144,603600_20181002121630565603
194,12838,102175,603600_20181002090554638298
194,12838,102214,603600_20181002050710750982
194,12838,102112,603600_20181003100733069988
194,12838,102270,603600_20181003062600643739
194,13047,102273,603600_20181004125753193376
194,13047,102183,603600_20181004010627332031
194,13047,102320,603600_20181004010711646221
194,13047,102226,603600_20181004040443718815
194,13047,102096,603600_20181004051442809515
194,13047,102270,603600_20181004052801476028
194,13047,102106,603600_20181004054153417437
194,13047,102473,603600_20181004054428201522
194,13047,102278,603600_20181004060050301035
194,13047,102485,603600_20181004071018217858
194,13047,102204,603600_20181004072004922197
194,13047,102344,603600_20181004073202560037
194,13047,102175,603600_20181004073953564479
194,13047,102168,603600_20181004075949059520
194,13047,102300,603600_20181004083239876044
194,13047,102169,603600_20181004090031247732
194,13047,102356,603600_20181004091837122559
194,13047,102489,603600_20181004094230472826
194,13047,102491,603600_20181004095146267128
194,13047,102424,603600_20181004100806186402
194,13047,102211,603600_20181004101342233077
194,13047,102286,603600_20181004102203139836
194,13047,102188,603600_20181004104042738750
194,13047,102372,603600_20181004104051962278
194,13047,102402,603600_20181004110231614017
194,13047,102240,603600_20181004110239619316
194,13047,102143,603600_20181004111533759295
194,13047,102221,603600_20181005080024148955
194,13047,102276,603600_20181005080200912677
194,13047,102223,603600_20181005090524762863
194,13047,102187,603600_20181005095041409379
194,13047,102337,603600_20181005102027037821
194,13047,102104,603600_20181005105144899646
194,13047,102216,603600_20181005022257998500
194,13047,102436,603600_20181005030845176549
194,13047,102419,603600_20181005031011443495
194,13047,102376,603600_20181005054304091263
194,13047,102470,603600_20181005054852409484
194,13047,102234,603600_20181005071500871524
194,13047,102351,603600_20181005085321206942
194,13047,114670,603600_20181005113915128910
194,13047,102229,603600_20181006115153408813
194,13047,102373,603600_20181006094747710260
194,13047,102196,603600_20181007103202514142
194,13047,102144,603600_20181007032759313194
194,13047,102091,603600_20181007093251470953
194,13047,102228,603600_20181007102700555313
194,13047,102463,603600_20181008120327113354
194,13047,102391,603600_20181008120353609429
194,13047,102290,603600_20181008015619831902
194,13047,102303,603600_20181008074941944706
194,13047,102110,603600_20181008090305281301
194,13047,102307,603600_20181008102815810111
194,13047,102205,603600_20181008025859127091
194,13047,102441,603600_20181008043827084668
194,13047,102332,603600_20181008082719321896
194,13047,102249,603600_20181008083139206181
194,13047,102154,603600_20181009095502866541
194,12838,102154,603600_20181009100029061188
194,13047,102203,603600_20181009125811418720
194,13047,102388,603600_20181009052913868665
194,13047,102427,603600_20181009090230593291
194,13047,102306,603600_20181010085154436447
194,13047,102218,603600_20181011112646353256
194,13047,102176,603600_20181017100539255350
194,13460,102210,603600_20181018064416277134
194,13460,102220,603600_20181018070527902788
194,13460,102323,603600_20181018083800968335
194,13477,102096,603600_20181018085006594739
194,13477,102344,603600_20181018085139730530
194,13477,102214,603600_20181018085328885038
194,13477,102412,603600_20181018090115326803
194,13460,102267,603600_20181018091237888373
194,13460,102495,603600_20181018092102961148
194,13477,102307,603600_20181018094801535500
194,13477,102303,603600_20181018094842937863
194,13477,102278,603600_20181018103451384025
194,13477,102267,603600_20181018103936879684
194,13460,102391,603600_20181018104446256635
194,13477,102431,603600_20181019010501360988
194,13460,102337,603600_20181019071720771134
194,13460,102408,603600_20181019074557039484
194,13477,102223,603600_20181019082234781942
194,13477,102168,603600_20181019101009391599
194,13477,102106,603600_20181019120942222544
194,13477,102295,603600_20181019122623941675
194,13477,102169,603600_20181019030750759778
194,13460,102234,603600_20181019050840084275
194,13477,102287,603600_20181019074834882855
194,13477,102144,603600_20181021011618822752
194,13477,102325,603600_20181021110510331207
194,13477,102183,603600_20181021082537994262
194,13477,102291,603600_20181021083439910607
194,13460,102421,603600_20181021084454083366
194,13477,102421,603600_20181021084528481462
194,13477,102270,603600_20181021085348601179
194,13477,102234,603600_20181022055524121330
194,13477,102315,603600_20181022094038917181
194,13460,102315,603600_20181022094216335240
194,12838,102315,603600_20181022094252420584
194,13477,102208,603600_20181022123423389153
194,13477,102205,603600_20181022060640741818
194,13477,102351,603600_20181022110559818420
194,13477,102337,603600_20181023072033437898
194,13477,102228,603600_20181023115543677500
194,13477,102104,603600_20181023044127849794
194,13477,102100,603600_20181023055750431595
194,13477,102175,603600_20181025121504997599
194,13477,102218,603600_20181025100758515416
194,13792,102214,603600_20181029085959499760
194,13792,102368,603600_20181029090401674545
194,13792,102489,603600_20181029091003144191
194,13792,102482,603600_20181029092234135529
194,13792,102290,603600_20181029093416539578
194,13792,102351,603600_20181029094114593226
194,13792,102412,603600_20181029094205637994
194,13792,102168,603600_20181029100115973700
194,13792,102243,603600_20181030065052948720
194,13792,102461,603600_20181030073141090492
194,13792,102196,603600_20181030074111814472
194,13792,102481,603600_20181030083613149948
194,13792,102304,603600_20181030083733823464
194,13792,102276,603600_20181030100436878534
194,13792,102221,603600_20181030102101288988
194,13792,102169,603600_20181030015336666178
194,13792,102120,603600_20181030073243727549
194,13792,102466,603600_20181030080006562795
194,13792,102388,603600_20181030081033397774
194,13792,102192,603600_20181030082557978003
194,13792,102319,603600_20181030082605495950
194,13792,102143,603600_20181030082645754627
194,13792,102352,603600_20181030085340465342
194,13792,102463,603600_20181030090311354612
194,13792,102175,603600_20181030091848516317
194,13792,102298,603600_20181030092424048842
194,13792,102144,603600_20181030095245989749
194,13792,102226,603600_20181030105009249409
194,13792,102197,603600_20181030111029705648
194,13792,102211,603600_20181030114851452994
194,13792,102188,603600_20181031122951036717
194,13792,102253,603600_20181106083429342039
194,13792,102386,603600_20181031075327635726
194,13477,102188,603600_20181031084757595158
194,13792,102259,603600_20181031105738741555
194,13792,102181,603600_20181031124520445370
194,13792,102279,603600_20181031125114742482
194,13792,102300,603600_20181031053028337355
194,13792,102286,603600_20181031053337571049
194,13792,102337,603600_20181031063145819223
194,13477,102300,603600_20181031063248333136
194,13792,102315,603600_20181031064705112567
194,13792,102294,603600_20181031083319548794
194,13477,102388,603600_20181031084829625391
194,13792,102371,603600_20181031091753389772
194,13792,102236,603600_20181031091802594617
194,13477,102275,603600_20181031094453155849
194,13792,102475,603600_20181031095642108180
194,13792,102220,603600_20181031104721515658
194,13477,102237,603600_20181031115808913005
194,13792,102217,603600_20181101125812378427
194,13792,102232,603600_20181101063652089740
194,13792,102183,603600_20181101092435268986
194,13792,102444,603600_20181101100554037626
194,13792,102134,603600_20181101103803311834
194,13477,102243,603600_20181101112613964705
194,13477,102319,603600_20181101113048404085
194,13792,102178,603600_20181101123552462302
194,13792,102437,603600_20181101124149556515
194,13792,102472,603600_20181101125042920226
194,13792,102113,603600_20181101043652874462
194,13792,102480,603600_20181101051931768573
194,13477,102472,603600_20181101054024521156
194,13477,102376,603600_20181101074051377777
194,13477,102470,603600_20181101074440305584
194,13792,102148,603600_20181101083030964772
194,13792,102323,603600_20181101094821291066
194,13792,102393,603600_20181101102652181996
194,13792,102367,603600_20181101102945068160
194,13792,102235,603600_20181101104351897295
194,13792,102147,603600_20181101105651211651
194,13792,102344,603600_20181101105809244211
194,13792,102402,603600_20181102070624900634
194,13792,102427,603600_20181102072044119637
194,13792,102208,603600_20181102075440852725
194,13792,102234,603600_20181102081333993384
194,13792,102205,603600_20181102081908761541
194,13792,102201,603600_20181102095843264056
194,13792,102154,603600_20181102124042170708
194,13477,102340,603600_20181102125050776939
194,13792,102317,603600_20181102015507991100
194,13477,102417,603600_20181102033900102853
194,13477,102366,603600_20181102033955033323
194,13792,102241,603600_20181102073609956144
194,13792,102483,603600_20181103064237529932
194,13477,102204,603600_20181103100628593273
194,13792,102491,603600_20181103103228652748
194,13792,102498,603600_20181105074441105252
194,13792,102237,603600_20181105015412022315
194,13792,102425,603600_20181105063221299792
194,13792,102420,603600_20181105063320510433
194,13477,102430,603600_20181105064046254538
194,13792,102424,603600_20181105064729663374
194,13792,102430,603600_20181105064848077704
194,13792,102295,603600_20181106081815371657
194,13792,102310,603600_20181106082140729668
194,13792,102313,603600_20181106083823934000
194,13477,102409,603600_20181106093340348783
194,13792,102114,603600_20181106041927990960
194,13792,102199,603600_20181106051516143127
194,13792,102180,603600_20181106053014391241
194,13477,102191,603600_20181106053418640984
194,13792,102191,603600_20181106053525403965
194,13792,102195,603600_20181107035630544799
194,13792,102341,603600_20181108084240673899
194,13792,102441,603600_20181108033934539893
194,16520,102113,603600_20190125054617325969
194,16520,102188,603600_20190125063046295446
194,16436,104152,603600_20190125064030557174
194,16520,102168,603600_20190125072054011257
194,16520,126150,603600_20190125074302121376
194,16562,102303,603600_20190125083140631446
194,16562,102211,603600_20190125083355202590
194,16562,102278,603600_20190125083722576822
194,16562,102214,603600_20190125090006477901
194,16520,102169,603600_20190125094008081832
194,16564,102366,603600_20190125094435635958
194,16562,102275,603600_20190125110936340802
194,16520,102106,603600_20190126012729810892
194,16562,102273,603600_20190126073124741010
194,16559,104175,603600_20190126113456678214
194,16564,102370,603600_20190126114819460224
194,16520,102154,603600_20190126011727524036
194,16520,102136,603600_20190126013127234511
194,16562,102216,603600_20190126052359703663
194,16564,102351,603600_20190126073117140849
194,16562,102307,603600_20190126085631148804
194,16520,102143,603600_20190127035122599144
194,16562,102204,603600_20190127070457423913
194,16436,104157,603600_20190128032217731412
194,16562,102234,603600_20190128104454279233
194,16562,102290,603600_20190128062115386442
194,16520,102195,603600_20190128062253762958
194,16520,102144,603600_20190128065406397846
194,16520,102084,603600_20190128073011421047
194,16562,102218,603600_20190128095504169479
194,16436,117312,603600_20190129014950434009
194,16564,102376,603600_20190129074937970551
194,16562,102310,603600_20190129102711798783
194,16639,102344,603600_20190129030103494826
194,16639,102376,603600_20190129041948849501
194,16639,102216,603600_20190129055805746465
194,16639,102278,603600_20190129074456033020
194,16639,102292,603600_20190129083515256658
194,16639,102270,603600_20190129102019026355
194,16562,102243,603600_20190129102401101286
194,16639,102208,603600_20190129111024260096
194,16562,102240,603600_20190130071806246175
194,16563,104221,603600_20190130091929515442
194,16562,102228,603600_20190130112505108287
194,16639,102141,603600_20190130120758937441
194,16562,102270,603600_20190130023154404528
194,16639,102366,603600_20190130044931733147
194,16639,102491,603600_20190130063026975436
194,16562,102286,603600_20190130095333940217
194,16639,102286,603600_20190130095607075402
194,16564,102321,603600_20190130104502182834
194,16562,102238,603600_20190130104924842787
194,16639,102273,603600_20190131065522511840
194,16641,104130,603600_20190131082657058115
194,16520,102148,603600_20190201122005347174
194,16639,102370,603600_20190204070502678721
194,16639,102290,603600_20190205035923454777
194,16562,102291,603600_20190207083849353662
194,16436,104137,603600_20190218114344059485
194,16562,102295,603600_20190219033513280833
194,16562,102300,603600_20190219035649984644
194,16520,132078,603600_20190219040016324296
194,16564,102319,603600_20190219052905039015
194,16564,102340,603600_20190220060745268260
194,16940,102344,603600_20190220092425758629
194,16436,104083,603600_20190221124650770121_1
194,17183,102373,603600_20190224080455827012
194,16564,102358,603600_20190225072759874869
194,17181,102463,603600_20190225073955600868
194,17181,102489,603600_20190225112111628248
194,17305,104157,603600_20190226082954312137
194,17182,102421,603600_20190226093333206819
194,16520,102104,603600_20190228041626384249
194,16520,102127,603600_20190301044540772976
194,16436,104148,603600_20190305013438847430
194,16562,102256,603600_20190305024933711466
194,16436,120077,603600_20190307012123974785
194,16436,104936,603600_20190311114113819611
194,17829,102489,603600_20190313041449072852
194,17829,102430,603600_20190314091115239983
194,17794,102218,603600_20190316010725278930
194,17829,102427,603600_20190318025125797121
194,19710,102214,603600_20190522064215900964
194,19710,102315,603600_20190522070807740948
194,19710,102307,603600_20190528095602135229
194,19710,102200,603600_20190530105128565883
194,20402,120609,603600_201906120538112
194,20402,104123,603600_201906120538492
194,20402,104149,603600_201906120538532
194,20402,104176,603600_201906120539322
194,20402,104114,603600_201906120541012
194,20402,104100,603600_201906120541122
194,20402,104112,603600_201906120543162
194,20402,104066,603600_201906120545512
194,20402,124991,603600_201906120546032
194,20402,104158,603600_201906120546282
194,20421,102161,603600_201906120550332
194,20421,120084,603600_201906120550462
194,20421,102478,603600_201906120550502
194,20421,132503,603600_201906120550582
194,20421,102185,603600_201906120551262
194,20421,102227,603600_201906120551362
194,20421,102200,603600_201906120552282
194,20421,121237,603600_201906120553402
194,20421,102106,603600_201906120557022
194,20421,102123,603600_201906120557072
194,20402,104094,603600_201906120559332
194,20421,102136,603600_201906120559492
194,20421,102370,603600_201906120602162
194,20421,102496,603600_201906120602192
194,20421,102474,603600_201906120604022
194,20421,102152,603600_201906120605192
194,20421,102466,603600_201906120607072
194,20402,104195,603600_201906120610042
194,20421,102434,603600_201906120610052
194,20421,102454,603600_201906120610252
194,20402,104146,603600_201906120610512
194,20421,102112,603600_201906120613222
194,20402,104097,603600_201906120625242
194,20421,120085,603600_201906120629492
194,20402,121582,603600_201906120630232
194,20421,102193,603600_201906120631382
194,20421,102261,603600_201906120632052
194,20421,102415,603600_201906120636542
194,20421,102440,603600_201906120652112
194,20421,102186,603600_201906120656552
194,20421,102471,603600_201906120701312
194,20421,102319,603600_201906120706042
194,20402,104137,603600_201906120708562
194,20421,102249,603600_201906120710432
194,20402,104108,603600_201906120712052
194,20421,102155,603600_201906120715442
194,20421,102299,603600_201906120726082
194,20421,102168,603600_201906120727332
194,20421,102142,603600_201906120729012
194,20402,104223,603600_201906120729192
194,20421,102445,603600_201906120730332
194,20421,102431,603600_201906120730552
194,20421,102274,603600_201906120731082
194,20421,102270,603600_201906120732352
194,20421,102162,603600_201906120733482
194,20421,102221,603600_201906120736022
194,20421,102276,603600_201906120736352
194,20421,102309,603600_201906120801022
194,20402,104101,603600_201906120809372
194,20402,104076,603600_201906120813192
194,20421,102307,603600_201906120826322
194,20421,102491,603600_201906120837012
194,20421,102235,603600_201906120853252
194,20421,102369,603600_201906120859582
194,20402,104131,603600_201906120909452
194,20402,104225,603600_201906120914362
194,20402,104140,603600_201906120916532
194,20421,102121,603600_201906120928332
194,20421,102479,603600_201906120943412
194,20421,102318,603600_201906120944322
194,20421,102114,603600_201906120953262
194,20421,102153,603600_201906120954072
194,20421,102147,603600_201906120956322
194,20421,102401,603600_201906121015172
194,20402,104132,603600_201906121020582
194,20402,104104,603600_201906121021332
194,20421,102472,603600_201906121022462
194,20421,102304,603600_201906121023452
194,20421,102285,603600_201906121034492
194,20421,102362,603600_201906121036422
194,20421,102087,603600_201906121041282
194,20421,102263,603600_201906121046372
194,20421,102476,603600_201906121051562
194,20402,104203,603600_201906121134042
194,20421,102366,603600_201906121145162
194,20421,102086,603600_201906121151482
194,20402,104147,603600_201906121152412
194,20421,132078,603600_201906121156262
194,20421,102208,603600_201906131217212
194,20421,102498,603600_201906131243232
194,20421,102109,603600_201906130115032
194,20421,102160,603600_201906130301502
194,20421,102095,603600_201906130727452
194,20402,104186,603600_201906130745172
194,20421,102284,603600_201906130819062
194,20402,104124,603600_201906130823152
194,20421,102125,603600_201906130845482
194,20421,102242,603600_201906130847092
194,20421,132501,603600_201906130848382
194,20421,102303,603600_201906130853262
194,20421,102389,603600_201906130857472
194,20421,102148,603600_201906130917202
194,20421,102252,603600_201906130924212
194,20421,102167,603600_201906130942572
194,20421,102237,603600_201906130944572
194,20421,102154,603600_201906130953402
194,20421,114670,603600_201906131026042
194,20402,104090,603600_201906131137512
194,20421,102334,603600_201906131153412
194,20421,102183,603600_201906131155122
194,20421,102201,603600_201906131219592
194,20421,102175,603600_201906131245142
194,20421,102446,603600_201906130405572
194,20421,102151,603600_201906130412442
194,20421,102323,603600_201906130551542
194,20421,126149,603600_201906130558152
194,20421,102361,603600_201906130602452
194,20402,104119,603600_201906130643272
194,20421,102296,603600_201906130651592
194,20421,102437,603600_201906130732082
194,20421,102480,603600_201906130733572
194,20421,102426,603600_201906130738132
194,20421,102344,603600_201906130807212
194,20421,102359,603600_201906130905292
194,20421,102349,603600_201906130909042
194,20402,104193,603600_201906130936092
194,20421,102428,603600_201906130948262
194,20421,132504,603600_201906130948472
194,20421,102400,603600_201906131007172
194,20421,102224,603600_201906131013482
194,20421,102243,603600_201906131016312
194,20421,102331,603600_201906131040342
194,20421,102259,603600_201906131040472
194,20421,102131,603600_201906131057092
194,20402,104082,603600_201906131133322
194,20421,102396,603600_201906140914332
194,20421,102192,603600_201906141006302
194,20421,102328,603600_201906141200482
194,20402,104085,603600_201906140110092
194,20421,102380,603600_201906140129432
194,20421,102278,603600_201906140145412
194,20421,102381,603600_201906140220092
194,20421,102342,603600_201906140726122
194,20421,102444,603600_201906140758012
194,20421,102181,603600_201906141026222
194,20421,102191,603600_201906141143332
194,20402,113445,603600_201906151218392
194,20421,111829,603600_201906151225162
194,20421,102275,603600_201906151243582
194,20402,104111,603600_201906151159322
194,20402,104102,603600_201906150727502
194,20421,132080,603600_201906150827052
194,20421,122910,603600_201906150903582
194,20402,104208,603600_201906151019042
194,20421,102443,603600_201906160151062
194,20421,102317,603600_201906160330312
194,20421,102325,603600_201906160704532
194,20421,102254,603600_201906160813592
194,20421,115857,603600_201906160835442
194,20421,102251,603600_201906161113562
194,20421,102127,603600_201906170715552
194,20402,104091,603600_201906171011092
194,20402,104087,603600_201906171244122
194,20421,102432,603600_201906171254052
194,20402,120301,603600_201906170643092
194,20421,102420,603600_201906170659362
194,20402,104173,603600_201906170707482
194,20402,104122,603600_201906171105592
194,20421,102286,603600_201906180315012
194,20421,102424,603600_201906180734542
194,20709,102415,603600_201906190450362
194,20709,102322,603600_201906190524472
194,20709,102401,603600_201906190732342
194,20709,132504,603600_201906190812332
194,20709,102428,603600_201906190813002
194,20709,102420,603600_201906190827542
194,20709,102362,603600_201906190955322
194,20709,102360,603600_201906191021452
194,20709,102364,603600_201906191052312
194,20709,102359,603600_201906200700192
194,20709,126148,603600_201906200938552
194,20709,102437,603600_201906201103112
194,20709,102366,603600_201906201245292
194,20709,102380,603600_201906200704322
194,20709,102449,603600_201906211003182
194,20709,111829,603600_201906220129232
194,20809,102415,603600_201906240455492
194,20809,102469,603600_201906240457182
194,20809,102451,603600_201906240458142
194,20809,102461,603600_201906240505192
194,20809,102366,603600_201906240509472
194,20809,102340,603600_201906240516532
194,20809,102360,603600_201906240527262
194,20808,104254,603600_201906240534072
194,20809,102365,603600_201906240549202
194,20809,102356,603600_201906240553122
194,20809,102391,603600_201906240631162
194,20709,102430,603600_201906240707292
194,20809,102396,603600_201906240858582
194,20809,102380,603600_201906240931032
194,20808,104228,603600_201906241025062
194,20809,102325,603600_201906241038222
194,20808,104221,603600_201906241155532
194,20846,102445,603600_201906250344102
194,20809,102316,603600_201906250831082
194,20809,102472,603600_201906251022522
194,20809,102491,603600_201906251035412
194,20809,102345,603600_201906251037272
194,20809,102359,603600_201906261230072
194,20809,102476,603600_201906260836462
194,20808,104217,603600_201906260915432
194,20846,102430,603600_201906261047212
194,20809,102478,603600_201906261219402
194,20809,102381,603600_201906261245372
194,20809,102344,603600_201906260101452
194,20809,102370,603600_201906260240442
194,20846,102416,603600_201906260442402
194,20808,104255,603600_201906260659392
194,20846,102421,603600_201906260957272
194,20808,104230,603600_201906261128312
194,20846,102420,603600_201906271207532
194,20809,102317,603600_201906270254372
194,20846,102425,603600_201906270710562
194,20809,115860,603600_201906280706272
72,15040,98215,511250_20181206084356878098
216,17400,127389,536989_20190301051411943659
216,17400,127164,536989_20190305045220418948
216,17400,127077,536989_20190306014335921122
216,18457,127493,536989_20190404123227540304
216,18457,127389,536989_20190406114326701625
216,18457,127223,536989_20190410061316385969
216,22783,127389,536989_201909051602145
216,22940,127218,536989_201909051639153_1
216,22935,127387,536989_201909051640323
216,22935,171560,536989_201909051641473_4
216,22935,127392,536989_201909051724013
216,22940,127389,536989_201909051743285
216,22935,127389,536989_201909051744185
216,22917,127416,536989_201909051746323_1
216,22935,127186,536989_201909051801083
216,22917,126970,536989_201909051804303_1
216,22917,127250,536989_201909051835213
216,22940,127468,536989_201909051933083
216,22917,127032,536989_201909052052453
216,22940,127366,536989_201909052057173_1
216,22917,127349,536989_201909052108203
216,22940,127186,536989_201909052115583
216,22935,127393,536989_201909060723103_1
216,22935,127343,536989_201909061317433_1
216,22940,127104,536989_201909061755263
216,22940,127354,536989_201909061918553_1
216,22940,127116,536989_201909081206113
216,22935,127249,536989_201909102013203
216,23910,127389,536989_190913210814597
216,23284,127067,536989_190916143442311
216,22940,127067,536989_190916143518312
216,22940,127443,536989_190919115810646
236,19215,136612,518395_20190506020507025914
236,19214,136588,518395_20190506021322152082
236,19214,136569,518395_20190506050936341494
236,19215,136625,518395_20190506060941929714
236,19214,136586,518395_20190506063532701739
236,19215,136620,518395_20190506074651481529
236,19214,136572,518395_20190506084438773729
236,19214,136563,518395_20190506091118664806
236,19215,136590,518395_20190506100939559121
236,19215,136607,518395_20190506101208806117
236,19215,136597,518395_20190506102201063196
236,19215,136629,518395_20190506104744593015
236,19215,136610,518395_20190507073950382900
236,19214,136561,518395_20190507122400049796
236,19214,136587,518395_20190507033404047549
236,19214,136562,518395_20190507091230550226
236,19214,136577,518395_20190508075947310297
236,19215,136593,518395_20190508110744875732
236,19214,136564,518395_20190509100155084149
236,19214,136568,518395_20190509100230116573
236,19214,136583,518395_20190509102856856680
236,19214,136574,518395_20190509102935693017
236,19214,136578,518395_20190510102729135655
236,19214,136566,518395_20190510102753444299
236,19215,136619,518395_20190514040029306566
236,19215,136616,518395_20190514040132763383
236,19215,136613,518395_20190514040146502767
236,19215,136622,518395_20190514040232383330
236,19215,136614,518395_20190514040257377553
236,19215,136628,518395_20190514040315836437
236,19215,136592,518395_20190520103814712357
236,19215,136594,518395_20190520103842213949
236,19215,136599,518395_20190520103851684361
236,19215,136600,518395_20190520103858194159
236,19215,136601,518395_20190520103910675575
236,19215,136602,518395_20190520103921230906
236,19215,136603,518395_20190520103927648086
236,19215,136605,518395_20190520103932941215
236,19215,136606,518395_20190520103937833763
236,19215,136608,518395_20190520103943364855
236,19215,136609,518395_20190520103947842196
236,19215,136611,518395_20190520104006741336
236,20584,136569,518395_201906170426092
236,20584,136590,518395_201906180928502
236,20584,136593,518395_201906200454452
236,20584,136597,518395_201906200454542
236,20584,136605,518395_201906200455042
236,20584,136609,518395_201906200455312
236,20584,136610,518395_201906200455412
236,20584,136598,518395_201906200456472
236,22080,136552,518395_201909021411022
236,22080,136586,518395_201909021415013
236,22102,136503,518395_201909021420313
236,22080,136587,518395_201909021424443
236,22080,136494,518395_201909021448042
236,22102,136494,518395_201909021448302
236,22102,136488,518395_201909021536162
236,22096,136488,518395_201909021536483
236,22081,136665,518395_201909021629052
236,22080,136549,518395_201909021638013
236,22080,136503,518395_201909021640393
236,22102,136515,518395_201909021807452
236,22081,136751,518395_201909021838022
236,22081,136675,518395_201909021841182
236,22082,136783,518395_201909021851102
236,22081,136757,518395_201909021853372
236,22081,136744,518395_201909021914353
236,22080,136620,518395_201909021949222
236,22102,136516,518395_201909021958582
236,22080,136516,518395_201909022029013
236,22104,136669,518395_201909022035043
236,22080,136564,518395_201909022044392
236,22080,136599,518395_201909022101003
236,22080,136625,518395_201909022107022
236,22081,136630,518395_201909022221592
236,22102,136489,518395_201909022341372
236,22080,136615,518395_201909030126253
236,22102,136506,518395_201909030644153
236,22080,136627,518395_201909031113053
236,22080,136624,518395_201909031139013
236,22080,136622,518395_201909031139273
236,22080,136601,518395_201909031139403
236,22080,136619,518395_201909031140123
236,22080,136618,518395_201909031140333
236,22080,136501,518395_201909031219403
236,22080,136511,518395_201909031219593
236,22080,136506,518395_201909031220323
236,22080,136510,518395_201909031221163
236,22080,136520,518395_201909031222173
236,22080,136518,518395_201909031222533
236,22080,136490,518395_201909031223133
236,22080,136489,518395_201909031223213
236,22080,136514,518395_201909031223313
236,22080,136515,518395_201909031223403
236,22080,173786,518395_201909031223493
236,22080,136488,518395_201909031224063
236,22102,136512,518395_201909031227123
236,22102,136511,518395_201909031227263
236,22102,136510,518395_201909031228203
236,22102,136501,518395_201909031228513
236,22102,136498,518395_201909031229033
236,22102,136495,518395_201909031229083
236,22102,136520,518395_201909031229143
236,22102,136518,518395_201909031229223
236,22102,136490,518395_201909031229343
236,22102,136514,518395_201909031229533
236,22102,173786,518395_201909031229573
236,22080,136608,518395_201909031507453
236,22104,136656,518395_201909031539243
236,22104,136678,518395_201909031539313
236,22104,136660,518395_201909031539383
236,22104,173788,518395_201909031539433
236,22104,136667,518395_201909031539493
236,22104,136652,518395_201909031539593
236,22104,136666,518395_201909031540113
236,22104,136736,518395_201909031540183
236,22104,136674,518395_201909031540233
236,22104,136644,518395_201909031540413
236,22104,136654,518395_201909031540523
236,22104,136663,518395_201909031541003
236,22104,136659,518395_201909031541073
236,22104,136655,518395_201909031541203
236,22104,136664,518395_201909031541303
236,22081,136636,518395_201909032000543
236,22082,136760,518395_201909040831373
236,22082,136762,518395_201909040832123
236,22082,136763,518395_201909040832363
236,22082,136764,518395_201909040833033
236,22082,136765,518395_201909040833173
236,22082,136766,518395_201909040833423
236,22082,136767,518395_201909040833523
236,22082,136768,518395_201909040834023
236,22082,136769,518395_201909040834123
236,22082,136773,518395_201909040834313
236,22082,136774,518395_201909040834523
236,22082,136775,518395_201909040835133
236,22082,136776,518395_201909040835283
236,22082,136777,518395_201909040835413
236,22082,136778,518395_201909040835513
236,22082,136780,518395_201909040836023
236,22082,136781,518395_201909040836123
236,22082,136782,518395_201909040836383
236,22082,136784,518395_201909040836553
236,22082,136785,518395_201909040837073
236,22080,136540,518395_201909040913253
236,22080,136541,518395_201909040913403
236,22080,136542,518395_201909040913553
236,22080,136519,518395_201909040914183
236,22080,136616,518395_201909040914413
236,22080,136621,518395_201909040915183
236,22080,136626,518395_201909040915343
236,22080,136558,518395_201909040915523
236,22081,136631,518395_201909040938263
236,22081,136662,518395_201909040938513
236,22081,136635,518395_201909040939063
236,22081,136637,518395_201909040939183
236,22081,136638,518395_201909040939373
236,22081,136639,518395_201909040940073
236,22081,136640,518395_201909040940193
236,22081,136641,518395_201909040940343
236,22081,136653,518395_201909040944173
236,22081,136642,518395_201909040944303
236,22081,136643,518395_201909040944393
236,22081,136648,518395_201909040944503
236,22081,136649,518395_201909040945053
236,22081,136740,518395_201909040953263
236,22081,136742,518395_201909040953443
236,22081,136743,518395_201909040954123
236,22081,136745,518395_201909040954433
236,22081,136747,518395_201909040955003
236,22081,136812,518395_201909040955183
236,22081,136737,518395_201909040955383
236,22081,136752,518395_201909040955533
236,22081,136753,518395_201909040956143
236,22081,136755,518395_201909041005433
236,22081,136756,518395_201909041005563
236,22080,136545,518395_201909041621133
236,22080,136561,518395_201909041627003
236,22080,136563,518395_201909041627173
236,22080,136588,518395_201909041627423
236,22080,136568,518395_201909041800203
236,22080,136569,518395_201909041801143
236,22080,136572,518395_201909041801433
236,22080,136575,518395_201909041802093
236,22080,136577,518395_201909041802263
236,22080,136578,518395_201909041802393
236,22080,136580,518395_201909041802523
236,23915,136767,518395_190913184050310
236,23915,136765,518395_190915100549311
236,23915,136768,518395_190915134103311
236,23915,136760,518395_190915153805311
236,23915,136774,518395_190915204244311
236,23915,136780,518395_190915204641310
236,23915,136781,518395_190916230640311
236,23915,136762,518395_190926101741321
236,23915,136764,518395_190926101812321
236,23915,136766,518395_190926101858321
236,23915,136771,518395_190926102056321
236,23915,136773,518395_190926102503321
236,23915,136775,518395_190926102520321
236,23915,136777,518395_190926102529321
236,23915,136778,518395_190926102538321
236,23915,136782,518395_190926102552321
236,23915,136784,518395_190926102619321
236,23915,136785,518395_190926102631321
236,27656,136763,518395_191021185528342
236,27656,136782,518395_191021190423534
236,27656,136726,518395_191021194422536
236,27656,136724,518395_191021201648342
236,27656,136771,518395_191021224406342
236,27656,136762,518395_191024191728794
236,27656,136783,518395_191025095614847
236,27656,136780,518395_191029111803349
236,27656,136704,518395_191030092012350
236,27656,136764,518395_191030092111350
236,27656,136766,518395_191030092126350
236,27656,136768,518395_191030092140350
236,27656,136773,518395_191030092200350
236,27656,136781,518395_191030092218350
236,27656,136784,518395_191030092233350
236,31079,136493,518395_191202140439414
236,31079,136489,518395_191202140440414
236,31079,136677,518395_191202140524414
236,31079,136763,518395_191202140553378
236,31079,136679,518395_191202140640414
236,31079,136765,518395_191202141021414
236,31079,136783,518395_191202141337378
236,31079,136776,518395_191202143629414
236,31079,136494,518395_191202144640414
236,31079,136681,518395_191202150956414
236,31079,136685,518395_191202153745378
236,31079,136606,518395_191202164351378
236,31079,136538,518395_191202173206378
236,31079,136724,518395_191202173213415
236,31079,136780,518395_191202175401415
236,31079,136676,518395_191202195735378
236,31079,136670,518395_191202212309417
236,31079,136762,518395_191202213916378
236,31079,136771,518395_191202225727417
236,31079,136505,518395_191203001317418
236,31079,136534,518395_191203190124424
236,31079,136544,518395_191203221340426
236,31079,136759,518395_191204070413429
236,31079,136658,518395_191204100514380
236,31079,136748,518395_191204100533380
236,31079,136684,518395_191204100549380
236,31079,136686,518395_191204100604380
236,31079,136689,518395_191204215811380
236,31079,136764,518395_191205093003381
236,31079,136766,518395_191205093014381
236,31079,136767,518395_191205093047381
236,31079,136768,518395_191205093118381
236,31079,136773,518395_191205093231381
236,31079,136774,518395_191205093240381
236,31079,136775,518395_191205093254381
236,31079,136777,518395_191205093533381
236,31079,136778,518395_191205093549381
236,31079,136781,518395_191205093605381
236,31079,136782,518395_191205093621381
236,31079,136784,518395_191205093634381
236,31079,136785,518395_191205093650381
236,31079,136491,518395_191209092520385
236,31079,136496,518395_191209092548385
236,31079,136523,518395_191209092559385
236,31079,136551,518395_191209092613385
236,31079,136525,518395_191209092623385
236,31079,136539,518395_191209092632385
236,31079,136500,518395_191209092641385
236,31079,136531,518395_191209092653385
236,31079,136536,518395_191209092707385
179,22401,147922,250600_201909031226433
266,22459,144047,543306_201909021313373
266,22436,143612,543306_201909022037382
266,22436,143898,543306_201909022308092
266,22436,144047,543306_201909030716033
266,22436,143805,543306_201909072209173
266,22436,143839,543306_201909110821173
266,22436,167816,543306_201909110824523
266,23575,144047,543306_201909111212043
266,22459,143839,543306_191126141240373
266,22459,144063,543306_191126141846373
266,22459,143615,543306_191126141902373
266,22459,143562,543306_191126141918373
266,22459,143767,543306_191126142034373
266,22459,143735,543306_191126142145373
266,22459,143743,543306_191126142212373
266,22459,143805,543306_191126142231373
266,22459,143793,543306_191126142246373
266,22459,167941,543306_191126142304373
266,22459,143800,543306_191126142510373
266,22459,143826,543306_191126142531373
266,22459,143833,543306_191126143024373
266,22459,143834,543306_191126143040373
266,22459,143856,543306_191126143056373
266,22459,143857,543306_191126143108373
266,22459,143859,543306_191126143121373
266,22459,144021,543306_191126143137373
266,22459,143924,543306_191126143151373
266,22459,143982,543306_191126143203373
266,22459,143922,543306_191126143217373
266,22459,143933,543306_191126143228373
266,22459,143918,543306_191126143242373
266,22459,143962,543306_191126143256373
266,22459,144009,543306_191126143310373
266,22459,144018,543306_191126143325373
266,22459,144022,543306_191126143337373
266,22459,144089,543306_191126143348373
266,22459,144121,543306_191126143402373
266,22459,144128,543306_191126143412373
266,22459,143548,543306_191127085242374
266,22436,143901,543306_191203123115379
16,24921,33179,513709_190920171344315
16,24918,33207,513709_190920171554315
16,24918,74177,513709_190920171619315
16,24925,74174,513709_190920171623316
16,24922,74177,513709_190920171653315
16,24925,33179,513709_190920171733316
16,24922,164352,513709_190920171748316_1
16,24932,100257,513709_190920171901316
16,24932,100274,513709_190920171910316
16,24934,100255,513709_190920172027315
16,24934,74177,513709_190920172121315
16,24921,74165,513709_190920172225315
16,24934,100251,513709_190920174347315
16,24934,100235,513709_190920180111315
16,24922,100235,513709_190920180156315
16,24926,100222,513709_190920180232315
16,24922,100222,513709_190920180429315
16,24922,164377,513709_190920180603315
16,24930,74191,513709_190920181940315
16,24930,74187,513709_190920184752316
16,24905,74187,513709_190920184849315
16,24918,100251,513709_190920184947315
16,24924,100251,513709_190920185252316
16,24930,3498,513709_190920204222315
16,24921,100269,513709_190920215032315
16,24924,33172,513709_190921085218316
16,24918,100299,513709_190921085556315
16,24918,100231,513709_190921103720316
16,24932,100231,513709_190921103851315
16,24924,100231,513709_190921103951316
16,24934,164388,513709_190921104854316
16,24924,3529,513709_190921134934315
16,24930,3529,513709_190921135103315
16,24918,100240,513709_190921151424316
16,24918,123335,513709_190921213147316
16,24921,164387,513709_190922123557316
16,24918,74123,513709_190922124238316
16,24907,3467,513709_190922155126316
16,24922,80853,513709_190922181115316
16,24932,80853,513709_190922181146317
16,24932,100258,513709_190922185500316
16,24918,100258,513709_190922185703316
16,24924,74187,513709_190922185829316
16,24922,164344,513709_190922211115318
16,24920,164344,513709_190922211140317
16,24932,100240,513709_190922212137318
16,24921,100224,513709_190923000511318
16,24906,164341,513709_190923070141317
16,24922,164367,513709_190923071116317
16,24905,3463,513709_190923134748317
16,24932,74126,513709_190923155853317
16,24906,100274,513709_190923184813317
16,24925,100274,513709_190923184946317
16,24905,3479,513709_190923205201317
16,24934,100295,513709_190923223559317
16,24921,100295,513709_190923223721317
16,24932,100223,513709_190924004824319
16,24918,100290,513709_190925134723320
16,24918,74113,513709_190925134845320
16,24920,74133,513709_190925135001320
16,24926,100290,513709_190925135357320
16,24926,74133,513709_190925135421320
16,24934,100290,513709_190925135659320
